245 248 248 248 244 237 235 235 235 240 248 248 248 247 242 236
248 253 254 254 245 234 230 229 229 239 253 254 254 251 241 231
248 254 255 255 245 233 229 229 228 239 253 255 255 252 242 230
248 254 255 255 245 235  36  35  34  38 253 255 255 252 242 230
244 245 245 245 243 134  58  81  81  69 130 245 245 245 242 238
237 234 233 232 239 248  69 250 250  63 234 233 234 235 243 249
235 230 229 228 237 250  72 255 255  70 231 228 229 232 243 253
235 229 229 228 237 130  25  25  25  24 123 229 229 232 243 253
235 229 228 227 237 119 255 255 255 245 108 228 228 232 243 253
240 239 239 239 241 175 176 159 159 174 173 239 239 240 243 244
248 253 253 253 245 234 231 209 208 240 252 253 253 251 241 232
248 254 255 255 245 233 228 208 207 239 253 255 255 252 242 230
248 254 255 255 245 234 229 208 207 239 253 255 255 252 242 230
247 251 252 252 245 235 232 231 231 240 251 252 252 250 241 233
242 241 242 242 242 243 243 243 243 243 241 242 242 241 244 243
236 231 230 230 238 249 253 253 253 244 232 230 230 233 243 252
245 248 248 248 244 237 235 235 235 240 248 248 248 247 242 236
248 253 254 254 245 234 230 229 229 239 253 254 254 251 241 231
248 254 255 255 245 233 229 229 228 239 253 255 255 252 242 230
248 254 255 255 245 235  36  35  34  38 253 255 255 252 242 230
244 245 245 245 243 134  58  81  81  69 130 245 245 245 242 238
237 234 233 232 239 248  69 250 250  63 234 233 234 235 243 249
235 230 229 228 237 250  72 255 255  70 231 228 229 232 243 253
235 229 229 228 237 130  25  25  25  24 123 229 229 232 243 253
235 229 228 227 237 119 255 255 255 245 108 228 228 232 243 253
240 239 239 239 241 175 176 159 159 174 173 239 239 240 243 244
248 253 253 253 245 234 231 209 208 240 252 253 253 251 241 232
248 254 255 255 245 233 228 208 207 239 253 255 255 252 242 230
248 254 255 255 245 234 229 208 207 239 253 255 255 252 242 230
247 251 252 252 245 235 232 231 231 240 251 252 252 250 241 233
242 241 242 242 242 243 243 243 243 243 241 242 242 241 244 243
236 231 230 230 238 249 253 253 253 244 232 230 230 233 243 252
245 248 248 248 244 237 235 235 235 240 248 248 248 247 242 236
248 253 254 254 245 234 230 229 229 239 253 254 254 251 241 231
248 254 255 255 245 233 229 229 228 239 253 255 255 252 242 230
248 254 255 255 245 235  36  35  34  38 253 255 255 252 242 230
244 245 245 245 243 134  58  81  81  69 130 245 245 245 242 238
237 234 233 232 239 248  69 250 250  63 234 233 234 235 243 249
235 230 229 228 237 250  72 255 255  70 231 228 229 232 243 253
235 229 229 228 237 130  25  25  25  24 123 229 229 232 243 253
235 229 228 227 237 119 255 255 255 245 108 228 228 232 243 253
240 239 239 239 241 175 176 159 159 174 173 239 239 240 243 244
248 253 253 253 245 234 231 209 208 240 252 253 253 251 241 232
248 254 255 255 245 233 228 208 207 239 253 255 255 252 242 230
248 254 255 255 245 234 229 208 207 239 253 255 255 252 242 230
247 251 252 252 245 235 232 231 231 240 251 252 252 250 241 233
242 241 242 242 242 243 243 243 243 243 241 242 242 241 244 243
236 231 230 230 238 249 253 253 253 244 232 230 230 233 243 252

236 231 230 230 238 249 253 253 253 244 232 230 230 233 243 252
242 241 242 242 242 243 243 243 243 243 241 242 242 241 244 243
247 251 252 252 245 235 232 232 232 240 251 252 252 250 241 233
248 254 255 255 245 234 229 229 228 239 253 255 255 252 242 230
248 254 255 255 245 233 228 229 228 239 253 255 255 252 242 230
248 253 253 253 130 234 231 123 108 173 252 253 253 251 241 232
240 239 239  38  69  63  70  24 245 174 240 239 239 240 243 244
235 229 228  34  81 250 255  25 255 159 208 207 207 231 243 253
235 229 229  35  81 250 255  25 255 159 209 208 208 231 243 253
235 230 229  36  58  69  72  25 255 176 231 228 229 232 243 253
237 234 233 235 134 248 250 130 119 175 234 233 234 235 243 249
244 245 245 245 243 239 237 237 237 241 245 245 245 245 242 238
248 254 255 255 245 232 228 228 227 239 253 255 255 252 242 230
248 254 255 255 245 233 229 229 228 239 253 255 255 252 242 230
248 253 254 254 245 234 230 229 229 239 253 254 254 251 241 231
245 248 248 248 244 237 235 235 235 240 248 248 248 247 242 236
236 231 230 230 238 249 253 253 253 244 232 230 230 233 243 252
242 241 242 242 242 243 243 243 243 243 241 242 242 241 244 243
247 251 252 252 245 235 232 232 232 240 251 252 252 250 241 233
248 254 255 255 245 234 229 229 228 239 253 255 255 252 242 230
248 254 255 255 245 233 228 229 228 239 253 255 255 252 242 230
248 253 253 253 130 234 231 123 108 173 252 253 253 251 241 232
240 239 239  38  69  63  70  24 245 174 240 239 239 240 243 244
235 229 228  34  81 250 255  25 255 159 208 207 207 231 243 253
235 229 229  35  81 250 255  25 255 159 209 208 208 231 243 253
235 230 229  36  58  69  72  25 255 176 231 228 229 232 243 253
237 234 233 235 134 248 250 130 119 175 234 233 234 235 243 249
244 245 245 245 243 239 237 237 237 241 245 245 245 245 242 238
248 254 255 255 245 232 228 228 227 239 253 255 255 252 242 230
248 254 255 255 245 233 229 229 228 239 253 255 255 252 242 230
248 253 254 254 245 234 230 229 229 239 253 254 254 251 241 231
245 248 248 248 244 237 235 235 235 240 248 248 248 247 242 236
236 231 230 230 238 249 253 253 253 244 232 230 230 233 243 252
242 241 242 242 242 243 243 243 243 243 241 242 242 241 244 243
247 251 252 252 245 235 232 232 232 240 251 252 252 250 241 233
248 254 255 255 245 234 229 229 228 239 253 255 255 252 242 230
248 254 255 255 245 233 228 229 228 239 253 255 255 252 242 230
248 253 253 253 130 234 231 123 108 173 252 253 253 251 241 232
240 239 239  38  69  63  70  24 245 174 240 239 239 240 243 244
235 229 228  34  81 250 255  25 255 159 208 207 207 231 243 253
235 229 229  35  81 250 255  25 255 159 209 208 208 231 243 253
235 230 229  36  58  69  72  25 255 176 231 228 229 232 243 253
237 234 233 235 134 248 250 130 119 175 234 233 234 235 243 249
244 245 245 245 243 239 237 237 237 241 245 245 245 245 242 238
248 254 255 255 245 232 228 228 227 239 253 255 255 252 242 230
248 254 255 255 245 233 229 229 228 239 253 255 255 252 242 230
248 253 254 254 245 234 230 229 229 239 253 254 254 251 241 231
245 248 248 248 244 237 235 235 235 240 248 248 248 247 242 236

241 241 240 240 240 241 241 241 241 241 241 241 240 240 241 241
241 241 240 239 239 241 241 241 241 241 241 241 239 240 241 241
240 240 241 241 241 240 240 231 236 240 240 240 241 241 241 240
240 239 241 244 243 240 238 199 220 239 238 239 244 243 241 240
240 239 241 243 243 240 238 199 220 240 238 240 243 243 241 240
241 241 240 240 240 241 241 201 220 241 241 241 240 240 240 241
241 241 240 238 238 136 139 117 128 139 139 241 239 239 240 241
241 241 240 240 240 112 238 237 237 237 101 241 240 240 241 240
241 241 241 241 241 114  18  30  31  18 128 241 241 241 241 240
241 241 240 239 240 241  81 241 241  74 241 241 240 240 240 241
241 241 240 238 238 239  84 231 230  84 240 241 238 238 240 241
241 241 240 239 240 153  72  96  96  65 172 241 240 240 240 241
240 239 241 244 243 200  51  71  72  49 208 240 244 243 241 240
240 240 241 243 243 240 239 240 241 240 238 240 243 243 241 240
241 241 241 241 241 240 240 241 241 240 240 240 241 241 241 241
241 241 240 240 240 241 241 240 240 241 241 241 240 240 241 241
241 241 240 240 240 241 241 241 241 241 241 241 240 240 241 241
241 241 240 239 239 241 241 241 241 241 241 241 239 240 241 241
240 240 241 241 241 240 240 231 236 240 240 240 241 241 241 240
240 239 241 244 243 240 238 199 220 239 238 239 244 243 241 240
240 239 241 243 243 240 238 199 220 240 238 240 243 243 241 240
241 241 240 240 240 241 241 201 220 241 241 241 240 240 240 241
241 241 240 238 238 136 139 117 128 139 139 241 239 239 240 241
241 241 240 240 240 112 238 237 237 237 101 241 240 240 241 240
241 241 241 241 241 114  18  30  31  18 128 241 241 241 241 240
241 241 240 239 240 241  81 241 241  74 241 241 240 240 240 241
241 241 240 238 238 239  84 231 230  84 240 241 238 238 240 241
241 241 240 239 240 153  72  96  96  65 172 241 240 240 240 241
240 239 241 244 243 200  51  71  72  49 208 240 244 243 241 240
240 240 241 243 243 240 239 240 241 240 238 240 243 243 241 240
241 241 241 241 241 240 240 241 241 240 240 240 241 241 241 241
241 241 240 240 240 241 241 240 240 241 241 241 240 240 241 241
241 241 240 240 240 241 241 241 241 241 241 241 240 240 241 241
241 241 240 239 239 241 241 241 241 241 241 241 239 240 241 241
240 240 241 241 241 240 240 231 236 240 240 240 241 241 241 240
240 239 241 244 243 240 238 199 220 239 238 239 244 243 241 240
240 239 241 243 243 240 238 199 220 240 238 240 243 243 241 240
241 241 240 240 240 241 241 201 220 241 241 241 240 240 240 241
241 241 240 238 238 136 139 117 128 139 139 241 239 239 240 241
241 241 240 240 240 112 238 237 237 237 101 241 240 240 241 240
241 241 241 241 241 114  18  30  31  18 128 241 241 241 241 240
241 241 240 239 240 241  81 241 241  74 241 241 240 240 240 241
241 241 240 238 238 239  84 231 230  84 240 241 238 238 240 241
241 241 240 239 240 153  72  96  96  65 172 241 240 240 240 241
240 239 241 244 243 200  51  71  72  49 208 240 244 243 241 240
240 240 241 243 243 240 239 240 241 240 238 240 243 243 241 240
241 241 241 241 241 240 240 241 241 240 240 240 241 241 241 241
241 241 240 240 240 241 241 240 240 241 241 241 240 240 241 241

241 241 241 240 240 241 242 241 241 241 241 241 240 240 241 241
241 241 241 241 241 241 241 241 241 241 241 241 241 241 241 241
241 240 241 244 243 241 239 240 241 240 238 240 243 243 241 240
241 240 241 244 243 240 239 240 242 240 239 240 244 243 241 240
241 241 241 240 240 241 241 241 241 241 241 241 240 240 241 241
241 242 240 239 239 241 144 107 123 242 241 167 206 238 241 241
241 241 241 240 240 241 143 238  25  79  87  61  44 239 241 241
241 241 236 213 213 213 128 239  37 241 231  89  69 239 241 241
241 241 234 206 207 208 125 238  36 241 232  89  68 238 241 241
241 242 241 239 239 241 143 239  24  75  81  66  45 238 241 242
241 241 241 240 240 241 141 107 117 241 240 159 201 241 241 241
241 240 241 244 243 240 239 240 241 240 239 240 243 243 241 240
241 239 241 244 244 240 239 240 241 240 239 240 244 244 241 240
241 241 241 241 241 241 241 240 241 241 240 241 241 241 241 241
241 242 241 239 240 241 242 241 241 241 242 241 240 240 241 241
241 241 241 241 241 241 241 241 241 241 241 241 241 241 241 241
241 241 241 240 240 241 242 241 241 241 241 241 240 240 241 241
241 241 241 241 241 241 241 241 241 241 241 241 241 241 241 241
241 240 241 244 243 241 239 240 241 240 238 240 243 243 241 240
241 240 241 244 243 240 239 240 242 240 239 240 244 243 241 240
241 241 241 240 240 241 241 241 241 241 241 241 240 240 241 241
241 242 240 239 239 241 144 107 123 242 241 167 206 238 241 241
241 241 241 240 240 241 143 238  25  79  87  61  44 239 241 241
241 241 236 213 213 213 128 239  37 241 231  89  69 239 241 241
241 241 234 206 207 208 125 238  36 241 232  89  68 238 241 241
241 242 241 239 239 241 143 239  24  75  81  66  45 238 241 242
241 241 241 240 240 241 141 107 117 241 240 159 201 241 241 241
241 240 241 244 243 240 239 240 241 240 239 240 243 243 241 240
241 239 241 244 244 240 239 240 241 240 239 240 244 244 241 240
241 241 241 241 241 241 241 240 241 241 240 241 241 241 241 241
241 242 241 239 240 241 242 241 241 241 242 241 240 240 241 241
241 241 241 241 241 241 241 241 241 241 241 241 241 241 241 241
241 241 241 240 240 241 242 241 241 241 241 241 240 240 241 241
241 241 241 241 241 241 241 241 241 241 241 241 241 241 241 241
241 240 241 244 243 241 239 240 241 240 238 240 243 243 241 240
241 240 241 244 243 240 239 240 242 240 239 240 244 243 241 240
241 241 241 240 240 241 241 241 241 241 241 241 240 240 241 241
241 242 240 239 239 241 144 107 123 242 241 167 206 238 241 241
241 241 241 240 240 241 143 238  25  79  87  61  44 239 241 241
241 241 236 213 213 213 128 239  37 241 231  89  69 239 241 241
241 241 234 206 207 208 125 238  36 241 232  89  68 238 241 241
241 242 241 239 239 241 143 239  24  75  81  66  45 238 241 242
241 241 241 240 240 241 141 107 117 241 240 159 201 241 241 241
241 240 241 244 243 240 239 240 241 240 239 240 243 243 241 240
241 239 241 244 244 240 239 240 241 240 239 240 244 244 241 240
241 241 241 241 241 241 241 240 241 241 240 241 241 241 241 241
241 242 241 239 240 241 242 241 241 241 242 241 240 240 241 241
241 241 241 241 241 241 241 241 241 241 241 241 241 241 241 241
