245 248 248 243 239 237 235 242 241 248 247 245 241 235 236 239
248 252 253 243 238 233 230 243 241 253 250 245 240 231 232 236
248 253 253 208 237 232 229 243 241 254 251 246 240 198 230 236
243   0   0   0   0   0   0   0   0   0   0   0   0   0   0 238
239   0   0   0   0   0 238 241 241   0   0   0   0   0   0 241
237   0   0   0   0   0   0   0   0   0   0   0   0   0   0 244
235 236   0   0   0   0   0   0   0   0   0   0   0   0 194 248
242 243 200   0   0   0   0   0 241   0 243 242 242 240 240 242
241 241   0   0   0   0   0 242 243  86 242 241 242 242 242 242
248  62   0   0   0   0 228 243 241 254 251 246 240 229 230 236
247   0   0   0   0   0 232 243 242 251 250 245 240 233 233 238
245   0   0   0   0 182 236 242 241 246 245 243 241 237 238 240
238   0   0   0   0 244 244 242 242 240 240 241 242 244 244 243
235 221 197 206 241 252 254 240 242 229 233 237 244 253 253 248
236 232 231 241 246 251 253 240 242 230 233 238 244 253 252 248
239 236 236 241 244 247 248 242 242 236 238 240 243 248 248 245
245 248 248 243 239 237 235 242 241 248 247 245 241 235 236 239
248 252 253 243 238 233 230 243 241 253 250 245 240 231 232 236
248 253 253 208 237 232 229 243 241 254 251 246 240 198 230 236
243   0   0   0   0   0   0   0   0   0   0   0   0   0   0 238
239   0   0   0   0   0 238 241 241   0   0   0   0   0   0 241
237   0   0   0   0   0   0   0   0   0   0   0   0   0   0 244
235 236   0   0   0   0   0   0   0   0   0   0   0   0 194 248
242 243 200   0   0   0   0   0 241   0 243 242 242 240 240 242
241 241   0   0   0   0   0 242 243  86 242 241 242 242 242 242
248  62   0   0   0   0 228 243 241 254 251 246 240 229 230 236
247   0   0   0   0   0 232 243 242 251 250 245 240 233 233 238
245   0   0   0   0 182 236 242 241 246 245 243 241 237 238 240
238   0   0   0   0 244 244 242 242 240 240 241 242 244 244 243
235 221 197 206 241 252 254 240 242 229 233 237 244 253 253 248
236 232 231 241 246 251 253 240 242 230 233 238 244 253 252 248
239 236 236 241 244 247 248 242 242 236 238 240 243 248 248 245
245 248 248 243 239 237 235 242 241 248 247 245 241 235 236 239
248 252 253 243 238 233 230 243 241 253 250 245 240 231 232 236
248 253 253 208 237 232 229 243 241 254 251 246 240 198 230 236
243   0   0   0   0   0   0   0   0   0   0   0   0   0   0 238
239   0   0   0   0   0 238 241 241   0   0   0   0   0   0 241
237   0   0   0   0   0   0   0   0   0   0   0   0   0   0 244
235 236   0   0   0   0   0   0   0   0   0   0   0   0 194 248
242 243 200   0   0   0   0   0 241   0 243 242 242 240 240 242
241 241   0   0   0   0   0 242 243  86 242 241 242 242 242 242
248  62   0   0   0   0 228 243 241 254 251 246 240 229 230 236
247   0   0   0   0   0 232 243 242 251 250 245 240 233 233 238
245   0   0   0   0 182 236 242 241 246 245 243 241 237 238 240
238   0   0   0   0 244 244 242 242 240 240 241 242 244 244 243
235 221 197 206 241 252 254 240 242 229 233 237 244 253 253 248
236 232 231 241 246 251 253 240 242 230 233 238 244 253 252 248
239 236 236 241 244 247 248 242 242 236 238 240 243 248 248 245

239 236 236 238 241 244 248 242 242 236 238 240 243 248 248 245
236 232 230   0   0   0 194 240 242 230 233 238 244 253 252 248
235 231 198   0   0   0   0 240 242 229 233 237 244 253 253 248
241 240 240   0   0   0   0 242 242 240 240 241 242 244 244 243
245 245 246   0   0   0   0 242 241 246 245 243 241 237 238 240
247 250 251   0   0   0   0 243 242 251 250 245 240 233 233 238
248 253 254   0   0   0   0   0  86 254 251 246 240 229 230 236
241 241 241   0 241   0   0 241 243 241 242 241 242 242 242 242
242 243 243   0 241   0   0   0 242 243 243 242 242 240 240 242
235 230 229   0 238   0   0   0   0 228 232 236 244 254 253 248
237 233 232   0   0   0   0   0   0   0   0 182 244 252 251 247
239 238 237   0   0   0   0   0   0   0   0   0   0 241 246 244
243 243 208   0   0   0   0   0   0   0   0   0   0 206 241 241
248 253 253   0   0   0   0 200   0   0   0   0   0 197 231 236
248 252 253   0   0   0 236 243 241  62   0   0   0 221 232 236
245 248 248 243 239 237 235 242 241 248 247 245 238 235 236 239
239 236 236 238 241 244 248 242 242 236 238 240 243 248 248 245
236 232 230   0   0   0 194 240 242 230 233 238 244 253 252 248
235 231 198   0   0   0   0 240 242 229 233 237 244 253 253 248
241 240 240   0   0   0   0 242 242 240 240 241 242 244 244 243
245 245 246   0   0   0   0 242 241 246 245 243 241 237 238 240
247 250 251   0   0   0   0 243 242 251 250 245 240 233 233 238
248 253 254   0   0   0   0   0  86 254 251 246 240 229 230 236
241 241 241   0 241   0   0 241 243 241 242 241 242 242 242 242
242 243 243   0 241   0   0   0 242 243 243 242 242 240 240 242
235 230 229   0 238   0   0   0   0 228 232 236 244 254 253 248
237 233 232   0   0   0   0   0   0   0   0 182 244 252 251 247
239 238 237   0   0   0   0   0   0   0   0   0   0 241 246 244
243 243 208   0   0   0   0   0   0   0   0   0   0 206 241 241
248 253 253   0   0   0   0 200   0   0   0   0   0 197 231 236
248 252 253   0   0   0 236 243 241  62   0   0   0 221 232 236
245 248 248 243 239 237 235 242 241 248 247 245 238 235 236 239
239 236 236 238 241 244 248 242 242 236 238 240 243 248 248 245
236 232 230   0   0   0 194 240 242 230 233 238 244 253 252 248
235 231 198   0   0   0   0 240 242 229 233 237 244 253 253 248
241 240 240   0   0   0   0 242 242 240 240 241 242 244 244 243
245 245 246   0   0   0   0 242 241 246 245 243 241 237 238 240
247 250 251   0   0   0   0 243 242 251 250 245 240 233 233 238
248 253 254   0   0   0   0   0  86 254 251 246 240 229 230 236
241 241 241   0 241   0   0 241 243 241 242 241 242 242 242 242
242 243 243   0 241   0   0   0 242 243 243 242 242 240 240 242
235 230 229   0 238   0   0   0   0 228 232 236 244 254 253 248
237 233 232   0   0   0   0   0   0   0   0 182 244 252 251 247
239 238 237   0   0   0   0   0   0   0   0   0   0 241 246 244
243 243 208   0   0   0   0   0   0   0   0   0   0 206 241 241
248 253 253   0   0   0   0 200   0   0   0   0   0 197 231 236
248 252 253   0   0   0 236 243 241  62   0   0   0 221 232 236
245 248 248 243 239 237 235 242 241 248 247 245 238 235 236 239

241 241 240 240 240 241 241 241 240 241 240 241 241 241 241 240
241 241 240 240 240 241 241 241 241 241 241 240 241 241 241 241
240 240 241 242 242 241 240 240 241 241 239 187 149 149 180 237
240 240 242 245 244 241 239 239 241 241 199   0   0   0   0 164
240 240 242 244 244 241 239 239 241 242 114   0   0   0   0 178
241 241 241 241 241 241 240 240 241 241  76   0   0   0   0 220
241 241 240 239 239 240 222 178 177 177  19   0   0   0 121 240
241 241 240 239 239 240 117 169 176  28   0   0   0   6 230 240
240 241 241 241 241 240  73 213  51  47   0   0   0 156 240 241
206 102  50  50  50  44  16  49   3   3   0   0   0  18 169 241
143   0   0   0   0   0   0   0   0   0   0   0   0   0  50 240
143   0   0   0   0   0   4 163 168  68   0   0   0   0  50 240
147   1   0   3   3   3   3   3   3   3   3   3   0   2  57 239
240 219 183 237 237 239 239 239 239 239 239 240 181 229 239 240
241 241 241 241 240 241 241 241 241 241 241 240 240 241 241 241
240 241 241 241 242 241 240 240 241 241 240 240 239 240 241 241
241 241 240 240 240 241 241 241 240 241 240 241 241 241 241 240
241 241 240 240 240 241 241 241 241 241 241 240 241 241 241 241
240 240 241 242 242 241 240 240 241 241 239 187 149 149 180 237
240 240 242 245 244 241 239 239 241 241 199   0   0   0   0 164
240 240 242 244 244 241 239 239 241 242 114   0   0   0   0 178
241 241 241 241 241 241 240 240 241 241  76   0   0   0   0 220
241 241 240 239 239 240 222 178 177 177  19   0   0   0 121 240
241 241 240 239 239 240 117 169 176  28   0   0   0   6 230 240
240 241 241 241 241 240  73 213  51  47   0   0   0 156 240 241
206 102  50  50  50  44  16  49   3   3   0   0   0  18 169 241
143   0   0   0   0   0   0   0   0   0   0   0   0   0  50 240
143   0   0   0   0   0   4 163 168  68   0   0   0   0  50 240
147   1   0   3   3   3   3   3   3   3   3   3   0   2  57 239
240 219 183 237 237 239 239 239 239 239 239 240 181 229 239 240
241 241 241 241 240 241 241 241 241 241 241 240 240 241 241 241
240 241 241 241 242 241 240 240 241 241 240 240 239 240 241 241
241 241 240 240 240 241 241 241 240 241 240 241 241 241 241 240
241 241 240 240 240 241 241 241 241 241 241 240 241 241 241 241
240 240 241 242 242 241 240 240 241 241 239 187 149 149 180 237
240 240 242 245 244 241 239 239 241 241 199   0   0   0   0 164
240 240 242 244 244 241 239 239 241 242 114   0   0   0   0 178
241 241 241 241 241 241 240 240 241 241  76   0   0   0   0 220
241 241 240 239 239 240 222 178 177 177  19   0   0   0 121 240
241 241 240 239 239 240 117 169 176  28   0   0   0   6 230 240
240 241 241 241 241 240  73 213  51  47   0   0   0 156 240 241
206 102  50  50  50  44  16  49   3   3   0   0   0  18 169 241
143   0   0   0   0   0   0   0   0   0   0   0   0   0  50 240
143   0   0   0   0   0   4 163 168  68   0   0   0   0  50 240
147   1   0   3   3   3   3   3   3   3   3   3   0   2  57 239
240 219 183 237 237 239 239 239 239 239 239 240 181 229 239 240
241 241 241 241 240 241 241 241 241 241 241 240 240 241 241 241
240 241 241 241 242 241 240 240 241 241 240 240 239 240 241 241

241 241 239 159 172 218 240 241 241 241 241 240 240 240 241 241
241 241 185   0   0   1 114 228 241 169  49  48  54 235 241 241
241 241 154   0   0   0   0   5 148  20   0   0   2 221 241 240
242 242 154   0   0   0   0   0   0   0   0   0   0 176 240 240
241 241 195   0   0   0   0   0   0   0   0   0   3 233 241 240
241 241 240 203 122  83  21   0   0   0   0   0   3 232 241 241
241 241 241 241 242 241 184  31  53   5   0  74   3 232 241 241
241 241 241 242 241 241 184 176  57   5   0 171   3 232 241 241
241 241 240 239 240 241 185 171 214  56   0 165   3 233 241 241
241 241 241 240 240 240 226 122  69  17   0   5   3 232 241 240
241 241 241 241 241 241 240 241 240  51   0   0   3 232 241 241
241 241 242 245 245 241 240 240 241  56   0   0   3 231 241 242
241 240 242 245 245 241 240 239 242  57   0   0   3 230 242 242
241 241 241 242 242 241 241 240 241  56   0   0   0 176 241 241
241 241 241 240 241 241 241 241 241 110   0   0   1 214 241 241
241 241 241 241 241 241 241 241 241 211 150 151 154 238 241 241
241 241 239 159 172 218 240 241 241 241 241 240 240 240 241 241
241 241 185   0   0   1 114 228 241 169  49  48  54 235 241 241
241 241 154   0   0   0   0   5 148  20   0   0   2 221 241 240
242 242 154   0   0   0   0   0   0   0   0   0   0 176 240 240
241 241 195   0   0   0   0   0   0   0   0   0   3 233 241 240
241 241 240 203 122  83  21   0   0   0   0   0   3 232 241 241
241 241 241 241 242 241 184  31  53   5   0  74   3 232 241 241
241 241 241 242 241 241 184 176  57   5   0 171   3 232 241 241
241 241 240 239 240 241 185 171 214  56   0 165   3 233 241 241
241 241 241 240 240 240 226 122  69  17   0   5   3 232 241 240
241 241 241 241 241 241 240 241 240  51   0   0   3 232 241 241
241 241 242 245 245 241 240 240 241  56   0   0   3 231 241 242
241 240 242 245 245 241 240 239 242  57   0   0   3 230 242 242
241 241 241 242 242 241 241 240 241  56   0   0   0 176 241 241
241 241 241 240 241 241 241 241 241 110   0   0   1 214 241 241
241 241 241 241 241 241 241 241 241 211 150 151 154 238 241 241
241 241 239 159 172 218 240 241 241 241 241 240 240 240 241 241
241 241 185   0   0   1 114 228 241 169  49  48  54 235 241 241
241 241 154   0   0   0   0   5 148  20   0   0   2 221 241 240
242 242 154   0   0   0   0   0   0   0   0   0   0 176 240 240
241 241 195   0   0   0   0   0   0   0   0   0   3 233 241 240
241 241 240 203 122  83  21   0   0   0   0   0   3 232 241 241
241 241 241 241 242 241 184  31  53   5   0  74   3 232 241 241
241 241 241 242 241 241 184 176  57   5   0 171   3 232 241 241
241 241 240 239 240 241 185 171 214  56   0 165   3 233 241 241
241 241 241 240 240 240 226 122  69  17   0   5   3 232 241 240
241 241 241 241 241 241 240 241 240  51   0   0   3 232 241 241
241 241 242 245 245 241 240 240 241  56   0   0   3 231 241 242
241 240 242 245 245 241 240 239 242  57   0   0   3 230 242 242
241 241 241 242 242 241 241 240 241  56   0   0   0 176 241 241
241 241 241 240 241 241 241 241 241 110   0   0   1 214 241 241
241 241 241 241 241 241 241 241 241 211 150 151 154 238 241 241
